#BVGraph properties
#Wed Apr 08 10:52:33 CEST 2015
compratio=0.273
bitsforblocks=589925224
residualarcs=704498963
version=0
zetak=3
residualexpstats=58529370,56916371,57368887,56590314,47904558,37829299,30614651,27211085,25584708,24300336,23420094,21579893,17620038,13813446,11921792,12544256,13222205,14558360,17422887,18975356,19783800,20171273,18309766,15625007,12553803,8269993,5348153,24109
avgref=0.917
residualavggap=2483999.062
avgbitsforoutdegrees=5.375
windowsize=7
bitsforintervals=258455043
copiedarcs=940512592
avgbitsforblocks=8.592
bitsperlink=6.205
bitsforresiduals=9823912982
bitsforreferences=144673532
avgdist=1.287
successoravgloggap=4.987746985841857
avgbitsforreferences=2.107
successoravggap=1190656.224
maxrefcount=3
successorexpstats=951422845,138270935,87024619,68682815,54306338,42577165,36666686,33192889,31268514,29519052,28136833,25440327,20800789,16934977,14291394,14554126,15292906,16741203,19885003,21933459,23321183,24338818,23278307,20131189,16485936,10278543,6465587,26200
nodes=68660142
compressionflags=
intervalisedarcs=157736045
bitspernode=162.918
arcs=1802747600
bitsforoutdegrees=369030144
avgbitsforintervals=3.764
minintervallength=4
graphclass=it.unimi.dsi.webgraph.BVGraph
avgbitsforresiduals=143.08
residualavgloggap=9.52245429932042
